[[-8.790210966109966e-05, 0.24439083618942187, -0.14602694759519783, -0.016784506745901987, -0.09836497227124774, -3.1259668405305177],
[-0.02215034506942129, 0.2446884103911992, -0.1464497660093147, -0.23873719848319716, -0.10082694761201297, -3.2357404402333922],
[-0.0441545199006445, 0.2456327083762664, -0.1476785097775988, -0.4359326816537753, -0.10794032814120688, -3.370240434705431],
[-0.06613419002304792, 0.24719806821193513, -0.1497605902395221, -0.6072043933723338, -0.11835851966789095, -3.530666665258473],
[-0.08805016800764226, 0.24937769817985883, -0.15266376673921553, -0.7478868375802293, -0.1314769525016974, -3.72165494255459],
[-0.10988175479896639, 0.2521745511112133, -0.1563976775303731, -0.8621410114637839, -0.14639043488769693, -3.939040781725999],
[-0.13160855937680752, 0.25558341450390526, -0.1609613203531414, -0.9544134301891082, -0.1627407961002608, -4.178370457463393],
[-0.15321140549494036, 0.25961866355901736, -0.1663828156555866, -1.031576386956773, -0.1799208289116314, -4.432761216326522],
[-0.1746708079260111, 0.2642603344282258, -0.17264663100118277, -1.0947399474468549, -0.19776182520956728, -4.701094768232668],
[-0.19597004269405796, 0.2695034499398003, -0.1797544723325476, -1.1488742987761336, -0.2160317962981546, -4.9783941483480625],
[-0.21708888303379645, 0.27536124436256193, -0.18773725839671815, -1.1941206865286933, -0.23444109733125845, -5.264505924891166],
[-0.2380136039571579, 0.28181914305263517, -0.1965895444008282, -1.234361312634142, -0.25314677438909244, -5.555540678676205],
[-0.25872887111125403, 0.2888717144425879, -0.2063173021249749, -1.2696301396401544, -0.27180605309585626, -5.851454368933538],
[-0.27921842570624844, 0.29652062984634575, -0.21694230881770454, -1.300855489504387, -0.2905227757681895, -6.1513032218671935],
[-0.299521097798472, 0.30479917702394066, -0.2283138395086464, -1.3259054329205016, -0.31002911876026124, -0.17398490794147659],
[-0.3193894881714083, 0.3135526509998118, -0.24089398002338488, -1.3548189606487637, -0.3267740045470142, -0.4753475065508799],
[-0.33918591861454855, 0.3230052632791642, -0.2543187848672147, -1.3788003108296776, -0.34578930587542633, -0.7824091571108186],
[-0.35868680785053275, 0.33303164362407944, -0.26877506813685353, -1.402502596197102, -0.36424808889742527, -1.0885935538709415],
[-0.37787247025061654, 0.3436088129186199, -0.283813340995631, -1.418864663010943, -0.3826665874355055, -1.4027283908992305],
[-0.3967975977011138, 0.35481591765609416, -0.3001966348950502, -1.4390286412460453, -0.40073731424452896, -1.7126370602949392]]